,date, pm25, o3, no2, co
0,2023/7/2, 106, 44, 7, 4
94,2023/7/1, 151, 66, 10, 6
72,2023/6/9, 168, 26, 7, 1
71,2023/6/8, 247, 30, 9, 6
70,2023/6/7, 163, 32, 9, 7
69,2023/6/6, 37, 43, 10, 4
68,2023/6/5, 22, 32, 5, 1
67,2023/6/4, 48, 26, 3, 1
93,2023/6/30, 105, 81, 21, 8
66,2023/6/3, 65, 27, 6, 1
92,2023/6/29, 54, 45, 10, 7
91,2023/6/28, 42, 39, 10, 4
90,2023/6/27, 45, 42, 14, 2
89,2023/6/26, 45, 34, 13, 2
88,2023/6/25, 37, 39, 13, 3
87,2023/6/24, 31, 28, 12, 2
86,2023/6/23, 20, 15, 13, 2
85,2023/6/22, 18, 26, 4, 1
84,2023/6/21, 32, 25, 3, 1
83,2023/6/20, 35, 33, 6, 1
65,2023/6/2, 59, 72, 25, 4
82,2023/6/19, 57, 38, 6, 2
81,2023/6/18, 81, 31, 3, 2
80,2023/6/17, 47, 37, 5, 2
79,2023/6/16, 33, 45, 17, 2
78,2023/6/15, 41, 34, 6, 1
77,2023/6/14, 34, 37, 13, 2
76,2023/6/13, 77, 46, 5, 1
75,2023/6/12, 91, 40, 10, 2
74,2023/6/11, 49, 51, 18, 4
73,2023/6/10, 53, 30, 6, 1
64,2023/6/1, 49, 51, 19, 3
41,2023/5/9, 24, 35, 10, 1
40,2023/5/8, 29, 36, 6, 1
39,2023/5/7, 31, 36, 8, 1
38,2023/5/6, 37, 31, 16, 2
37,2023/5/5, 30, 25, 17, 2
36,2023/5/4, 17, 23, 15, 2
63,2023/5/31, 63, 34, 12, 2
62,2023/5/30, 44, 33, 6, 1
35,2023/5/3, 15, 79, 10, 2
61,2023/5/29, 27, 39, 11, 2
60,2023/5/28, 29, 39, 13, 2
59,2023/5/27, 25, 45, 9, 1
58,2023/5/26, 19, 35, 9, 1
57,2023/5/25, 40, 28, 4, 1
56,2023/5/24, 44, 32, 20, 2
55,2023/5/23, 63, 74, 9, 1
54,2023/5/22, 48, 32, 12, 2
53,2023/5/21, 31, 31, 6, 2
52,2023/5/20, 28, 20, 11, 2
34,2023/5/2, 19, 20, 11, 2
51,2023/5/19, 23, 36, 12, 1
50,2023/5/18, 29, 32, 8, 1
49,2023/5/17, 40, 35, 4, 
48,2023/5/16, 14, 46, 11, 1
47,2023/5/15, 29, 39, 8, 1
46,2023/5/14, 52, 34, 3, 1
45,2023/5/13, 66, 46, 10, 1
44,2023/5/12, 55, 50, 16, 2
43,2023/5/11, 35, 46, 14, 1
42,2023/5/10, 28, 39, 16, 2
33,2023/5/1, 25, 57, 9, 2
11,2023/4/9, 23, 36, 13, 2
10,2023/4/8, 22, 36, 9, 1
9,2023/4/7, 52, 35, 6, 2
8,2023/4/6, 47, 86, 19, 3
7,2023/4/5, 47, 30, 9, 2
6,2023/4/4, 27, 26, 24, 4
32,2023/4/30, 25, 27, 9, 2
5,2023/4/3, 18, 42, 17, 2
31,2023/4/29, 43, 32, 6, 1
30,2023/4/28, 51, 37, 12, 2
29,2023/4/27, 40, 33, 17, 2
28,2023/4/26, 26, 37, 14, 2
27,2023/4/25, 15, 32, 11, 2
26,2023/4/24, 20, 35, 8, 2
25,2023/4/23, 57, 36, 7, 2
24,2023/4/22, 43, 29, 5, 2
23,2023/4/21, 39, 38, 17, 2
22,2023/4/20, 30, 28, 15, 2
4,2023/4/2, 43, 37, 5, 1
21,2023/4/19, 23, 38, 11, 2
20,2023/4/18, 39, 33, 7, 1
19,2023/4/17, 39, 36, 9, 2
18,2023/4/16, 31, 29, 10, 2
17,2023/4/15, 58, 82, 12, 2
16,2023/4/14, 51, 47, 20, 3
15,2023/4/13, 41, 57, 17, 2
14,2023/4/12, 38, 46, 11, 2
13,2023/4/11, 38, 42, 17, 2
12,2023/4/10, 31, 38, 21, 2
183,2023/4/1, 47, 34, 15, 3
